3049764618
151435274
314947594
804304906
522631690
1277737482
124172810
846248714
309967882
244759562
416791562
1730198794
1063369994
2826157322
984399114
1806089994
1051836170
403947530
2284371978
1413398538
986497546
669368842
491504650
965723146
2963784714
822461706
403949066
455984650
1315751434
616285706
1358087690
438880010
2273429258
1603454730
497469194
1020446474
372230154
188139530
1849804810
912836618
2970196490
332700170
1580112650
1935252234
527473418
601463562
1227070474
2402393098
851221514
401841162
3092815114
1668455946
1183358474
349543946
1450745610
1134862090
2480971786
1056743434
1013489930
394895626
839623690
993764362
313369610
617849866
286041354
583509258
821994762
1015195146
936158730
1176676106
624076554
972728074
592881674
924494090
404728074
1965402378
2468784394
1439934730
1559406858
810723850
2970921738
757967626
1097247754
1198369802
2423827466
1132178442
1018735626
370584842
393063690
3068898570
471969290
914075146
821341706
479244042
842510346
826978314
627945482
2425466890
1151053834
1732423946
1141617162
1779610122
1986638346
1791013386
805024266
553890570
2717496074
1070314506
694990090
940422666
442742282
1442297354
805877514
877770506
547010314
514833674
823442954
873905674
894549514
965459466
1692098594
1964859682
2473681186
326263074
544629026
461398306
1607229730
1527079458
1178755618
846029346
935551522
1057579810
389178146
664757026
1489462050
2715968290
3170984994
2022138914
1084384546
1058629154
814983421
943289597
609252861
980776445
1369798141
1144573
576878333
1018722045
470579197
792557565
2578413565
921270269
624589053
911505661
2388818173
285243901
2500426237
857176573
1486518781
984578557
2987817981
2570747133
781286653
479362301
2904784381
826441213
746880509
1007386365
859733757
6258429
1032945405
1654882045
632782589
522158077
541294589
527859709
444956669
1334935549
1119191037
601915389
1052272162
2298963746
924477218
944269090
274753314
2575001378
1182689058
734488354
2812831778
2534631714
1647995170
1245538594
1547594018
2995677474
547514658
1239509282
593914658
2408868642
1159097378
932080674
875201021
121602557
807240445
1048740605
898335485
1716290557
594641917
553026557
624919805
1432585469
1464298786
123497762
601517346
1104113186
2822598434
547188514
617443106
1900113954
2523688994
1539272738
772638205
425362941
41649661
1286112765
824805117
1013155581
1920239357
1191151357
505448445
958499069
491751677
1193773565
472680957
980650493
2228062717
791644925
947423997
1978895101
133991165
1227459581
1294287906
814236706
1183925282
469517346
2994881826
1053639970
2987017762
542262818
393430562
597181986
1186154018
354436898
2422949666
1034110754
935872290
2421132541
304254461
992907005
675057405
1165463293
1651067170
568281378
534989090
839993890
1017793058
353717026
1513638690
347425570
872041250
857230370
1163480098
727993378
1572097058
1025527074
928861474
1591102754
2917682466
842812962
1601457698
739200802
466505506
837177122
1287540770
1843089442
2723434786
794382626
243355938
553275682
1576162338
1332434210
479876386
396121378
229725474
651646242
1171805474
921524514
1040013602
980113954
1175804706
291855138
1422089506
1607228706
1140022562
1527537186
321805858
963403554
595746594
529030946
919691042
2509987874
524109858
542525474
1334790178
466307106
2585679394
1158518781
1260623869
1550882813
983209981
122198269
1531878653
865967357
1102159101
2374278653
1876532989
609394685
2190319613
850894845
314220541
958308605
1515495677
1316135165
1273995773
1549050621
1148363517
1798264610
1786337058
1135171362
312629282
835541026
1140890365
916691709
2058590973
459054077
913611773
476470050
1334270754
465001250
576609314
35609890
1026841890
562340605
651010813
879207421
627221757
545891581
951231741
2722342397
443721213
449014818
1171549218
1326214434
1561765885
344107005
296265725
2632886269
318023677
835222013
1033453602
549273890
1661239549
479887613
753369341
2838908706
877088546
643321634
470532362
1443545610
2072430602
834455562
2834614282
519608586
641704458
1215669002
80783882
491827466
1455730954
575235618
2509334050
980061181
1025215741
1227721981
1379372285
1269010173
1463980029
1078693885
1598853373
3127087357
897814781
1144689149
1848873981
792302589
1165136893
1156551677
1196004605
495883517
915969277
910530301
396138749
269130237
776247805
893819389
1556260349
1785505533
1125165053
641843722
1820168372
1171624116
916754868
2286654132
544182964
2996474548
1378653108
944149428
2473431988
1030329524
504534452
625710516
975935156
993236660
594777780
646485684
1219532468
415733428
451057332
531535796
827496628
392140980
1098619060
1822136500
783784116
515873204
183343540
1176935092
207788724
22977716
865377460
837524660
1378262452
372284852
1666096564
545889716
2116525748
1205706420
1677303476
1955897268
1174642868
912761012
2225982195
770362099
1258343411
1431948275
984337395
1526254579
2476657907
1039715571
704171763
356306931
992268531
277074163
781897971
280416499
517394675
383701235
952226291
1913770739
1414845171
814207731
269276403
489280755
1498273011
475911411
2357187827
984012019
2290406899
416273907
1126881011
1491916531
805951475
494589939
514054131
1247926771
1753799155
805821171
1145756403
915659507
2561006323
772987891
1174068467
1141956083
1846795763
1494801907
4316659
2066276083
542498547
632479475
1710743283
2337595379
347004915
1169940467
1240260595
626647283
2539839731
1378607603
2269372915
2425020915
310436595
284877555
527164403
1300489203
1520100339
2379408371
2985550835
786752755
1040442867
498656755
754050547
691922675
1101457139
2965104371
302508019
809363443
283961331
3173837043
1172236531
1784015347
932571635
2460281331
898624243
1264696307
209763315
1875819507
420855027
974896371
1176943859
601668851
2870263283
460045811
2659499507
934002163
1304673779
2415312371
1289207539
453558259
286834675
1286455283
1923203315
380486131
2920466163
1964230387
2545075955
1213908979
2661271539
1285605363
1264306419
527223027
347064563
1152698611
834390515
2603469555
2655570675
522372339
1043580147
2316635123
2921401331
673647859
435883251
1377504755
295702003
1037241843
1586106099
1176899827
809505011
342364403
1903890675
357765619
1104220659
519246323
1015419891
940315891
742987251
1399068147
1214584307
530061043
576395251
1684412403
1959663859
1057167859
438114803
2327779827
702421491
71965427
2089622259
397220595
2892700659
2557877235
971250675
603724787
872815859
460070131
494477043
2468028403
1194008563
960374259
1434265075
2558535411
1770137331
953296627
1075521523
785065971
3020957939
643967219
1300375795
1368402163
1028401651
292039155
865282547
280504819
1139944691
1056189683
1249849075
597765875
1078013939
1006777075
571552499
2107388659
347681523
284046067
576205811
798307315
2762748915
1097413875
1135687155
405354227
976762611
929249011
2549364467
805582835
1197291763
571881971
870922739
772946675
1054161651
348470771
378879731
1789804275
767770355
3085975283
376455155
1909342195
1261060339
374751475
592658931
444285427
897532403
770458099
251216371
1228489459
63324915
1576616691
790381555
1198277619
136332531
2816877811
1608002035
1140009459
1282878195
1224944627
1218980851
532360179
1981558003
1146825971
461649907
3182704627
2395092979
784807923
1507804403
1271135292
306576700
1149828412
814939452
651885884
1157233980
645463612
736821052
506593341
1837432893
2857173309
1533542717
1289196285
804979005
1376911933
992674621
1242235965
1194198077
1597178941
928908349
1469974589
1137969213
1045236029
449055037
82905405
1932134973
2509572669
757926717
1003490365
1731923261
1078070589
1942097213
903089469
2446789949
772607549
626462269
2909146685
2076249661
601689661
318771005
402919229
1424166717
2551517245
1441009725
1178538557
1061229117
591729213
1005064765
731779901
670831421
2956334141
2658997309
1084757053
2193822781
1185420605
450106941
1351751485
1377441853
459806781
745478205
261822525
961357043
412558579
329658611
1444819443
617757683
875773171
543571187
2946711027
137302771
593302259
2676626163
272569331
864755699
1161765363
319234803
1550525171
1927619315
523576307
1195975667
1667376115
644293619
410461171
524556019
499404280
810831608
464473848
1219972856
1474252536
820727544
1328632056
494162168
382226680
1071010296
2312983032
1114723064
1498240248
281040120
1246582520
1265653496
915691512
862083320
1332173048
1114986744
591550968
809916920
445078008
531585528
1207065080
1056856568
776821496
2505595640
932862712
1171086072
1273584632
173235448
794778872
2489998584
617766136
471424504
493706744
931290616
1536450296
631660280
3047133693
1158386429
1124098552
610755064
1057317624
379544312
2292671224
1552012275
657448179
342156275
2540628723
695790323
995082995
1271841523
315867891
402703347
906150899
1193395187
459719667
962643187
2038416627
982172915
471423480
364404472
985358072
1223253752
1076453368
2454020088
1693606648
603808504
1085367288
2681693176
3068683256
925918456
1320379640
1903453688
178349816
676882680
476473592
785017080
905079032
595814904
1402300920
1505323512
854682104
136145912
2644601848
402353144
2719968504
1092840696
2503765240
1832545784
442527224
563506680
823684856
724070392
1483960312
1127379192
305688824
979464440
1543139576
909079288
445870840
404780024
741293816
3067559672
553861112
252264440
278478840
844251384
646380243
535100371
928251091
1047723219
1924791763
834665939
3050700243
2918907347
844562131
731185107
907739348
1023803860
2053243348
965673428
2291073492
1217921492
363397588
451412436
202506964
745210580
2116289492
597296084
346686420
1056637908
960955604
761595092
819528916
814941652
379454932
991561428
2069366484
1400178388
826410964
919144404
2552760532
1227622612
573049556
2429225684
535104212
644746196
992153044
2101808596
827854292
411241940
596774356
1026297556
598806228
448335572
774115284
916459476
768085972
1106383060
961483220
1351094740
2980057556
1006244820
704648404
616633556
1324029140
2585138644
1193220564
911153620
562829780
1541544404
418519508
100997844
895228628
982129364
2647006164
283122644
1107106772
490478804
314121428
1144069588
814489044
2295078356
759504596
526196436
1989942996
1017913044
307437780
1071456468
821895380
939532756
2055348692
546841044
835527124
823927508
1013850836
1485185748
245506772
1208951764
1362240468
626598868
411968468
597435348
1372005332
769991636
2499617748
840836308
330442964
1440819412
553789908
2435328468
993470932
1450977748
418523604
271854292
1804937940
347613908
3131648980
2079468500
437988564
2785569016
2939906808
601844472
2783275768
625307384
2428923640
550126840
545146360
1069762040
450512376
719341048
1251231480
616580856
616908792
470501624
562710776
799099128
229656824
1003636984
1780042232
542394872
347030264
2669495544
395396344
2210088184
1149651448
1989757432
1109478136
710232824
291654392
597576440
1592740856
1411796216
765414904
2488300152
1821930104
1004171896
527332216
714437496
851604344
1724216440
406353272
2521789816
2214426232
1195145080
564230264
544701048
820214392
2692250488
85818488
383679608
1107328376
923106680
835353976
1414693240
847020408
983335288
1781498744
1580368760
424379256
290227576
2840561016
2089387384
1639220600
402556280
997820024
2655029112
709068664
543000440
1974568824
1136953208
296061048
499746936
404588920
1450084984
348424824
276728696
1690536824
1217105016
1049988216
798788728
1809747064
457411960
954043768
924225144
809209464
945852024
1195347832
1095864184
1062571896
281317240
824414328
869963128
503879288
504796792
540186232
121607800
643470968
616601464
1138988920
793063411
229519347
281161715
3053599731
672480243
951925747
1905202675
1170609651
1120605683
3134789107
1072567795
605168627
1002508756
853021140
771757012
2903708628
707924948
3035829204
2385647828
578689236
529668308
185670100
297017044
2359828436
1185619924
631645652
747448020
457975764
2793221588
2729323988
540421844
297152212
653144020
782893780
572366712
791781240
996319096
695771000
673554552
124231800
1473421432
814129528
2274664824
2931925368
969253240
623944568
2920916088
2329912440
1191224696
2719786360
1556391288
2622793336
1350870648
1771782392
392250104
784038776
1508866936
1412923000
810778232
296977784
1002408056
979341432
740923512
657102968
809867384
772774264
1131518328
951949688
601659768
641047160
459971192
575118200
1298242424
614046584
1471585144
2279971960
1148099960
1017027960
2846662008
511483512
813604472
1820499576
2516623224
1030585976
1761181304
635797368
562261070
435383630
470183502
1060335182
1136553550
2434690894
1918201678
504787022
2336190542
1450799182
644513358
751468110
502955598
1309441870
372145998
876576846
664109134
836927566
3138486606
412975438
598118990
935498318
2816512590
1170182990
378049614
1581160014
593532494
1164088910
799184462
847222606
332699470
525834574
523082318
1807063630
986749518
1804115278
1773968718
826580558
531537486
935304782
1035837518
494641486
953000270
1160671566
1678864974
512586318
2581885518
522351438
616067918
2729997134
444167246
2318824782
1317041486
847017550
1065514574
2655090510
2959308622
767915854
2096002894
1198225486
1520531534
507541838
459569486
412580174
1874753870
924219982
306543182
965573198
2698279502
601651790
2673048654
193953102
736001358
1359643214
1473086286
573539406
1849263182
2470347854
1752007758
2824504654
261522766
867468622
1443989070
2556921678
2037221198
2977531726
904103758
1056081742
3014821966
979012174
2931919438
137857870
1145670478
761170766
914066254
915442510
1373604686
626363470
1113230414
444238926
2901445710
303467854
3022163534
2083294798
841846350
1030458958
337612622
695111502
884248398
869044046
2015006798
841715790
1105255509
1843911765
1073601621
806477141
544595285
759946837
289791829
1075568725
1395843157
2302402645
492888149
1330504277
2371478101
411951701
441836373
2406867797
1585701717
758900565
1670965333
205777493
3073831881
1031009225
1520235465
767161289
784856009
957740233
532673737
598078921
515306953
1158739657
205321929
442955465
2224355017
1203238601
2547644105
2223952062
1119539390
1275318718
420860350
1226363326
492435657
344586441
2659973321
349567177
1346566601
3126655433
2927753673
1841232329
1591671241
2431449545
401603017
602796745
1206973129
962646718
164221630
553243326
771674814
3126055870
1535497150
294179774
393343945
1173222345
609809609
1094317513
1245575113
1424488393
2285828297
997587145
1467152841
245956041
1731527626
171836362
670946238
2450773182
1169609918
952554686
736810174
724751806
792581566
747492798
378000062
2097796030
2453066686
1413993406
39900094
1165677502
1368708286
287299006
507827646
421713598
1083954878
384751806
154458558
1075108542
359924682
1433404874
2680227530
773916618
1794181322
153356746
27974334
969530302
1713757374
1511447998
1966464702
1609818046
2810962110
248570046
615965118
442622654
528343742
1797776318
598270910
1004266430
1784407486
2473649854
1971447486
464381630
2410800830
1435101118
1141313482
2050035658
2072318154
3022976969
691337929
1220149962
1115423946
349373642
1411256266
1848119242
2691830218
741544650
1452282570
2962496714
1375215050
568991946
1247618250
534128074
373631434
1187523018
2750691786
935280330
875643338
1416249802
897466826
466437322
1178879946
2110605258
945965514
779307978
1206540234
2877644746
673866186
3190645194
1097688266
3050107593
237958345
863040713
821556425
410580681
1062595774
2285295806
1104599230
715512510
1376903358
996206014
2438326974
931458750
1720840894
2825778366
2650469822
2927491262
848624574
842988734
1482358718
963313598
1034551230
453443775
707199423
2834366911
879360969
1358691273
455736777
943128265
1765343177
1035796682
1132265930
1413284554
1951728330
1182204618
2476802762
976946122
823461066
791282890
610862282
1006568650
1763706314
2689336778
744097226
2054096330
1033443007
690953663
1249517759
823273151
2055809215
1003563455
798764223
872492479
1138568895
1287663551
283914431
1035678399
656552895
2508993471
1778464447
2235316671
969555135
243847358
635818174
1980682942
776197566
1098503614
731960766
1575474622
1435096766
1823070142
2594953150
1830672574
1196546238
1801247422
2350111678
1229577150
1352850622
987684030
183753918
1713757886
365092542
269475774
1464393662
1158275518
1479866313
644413385
767817673
852686793
455211209
303233737
1316223689
395115209
1134426825
297007817
582351561
718863049
316472009
996408265
498990025
229499838
1975641022
923657406
404415678
2923095230
937294793
1356725193
939588809
2818768585
814284489
843448265
915210185
1873739721
853606345
2718761162
928514250
1114374346
2291859658
761921994
745865674
635961802
553583050
673776330
1178927818
2304246474
402260682
1494090698
2117993418
2339242954
1403716554
1206128842
1144787402
478548426
2628391626
1002181322
541005002
2228229322
1345115838
1468716734
295491262
178509502
451466942
2633160382
1241175742
1258411966
526309566
2994198718
45668542
274651582
1013242302
2543901118
983751102
564386238
787536574
824368318
1984289982
1263197374
2237062334
1543167166
2629561534
1092677054
912321982
452718014
943976126
371323326
331674302
1292891070
1913189566
942535870
980481470
1228011198
625604286
1778841790
1055652030
2710895038
1301806014
874643134
2846464410
532126106
1756404378
1053596314
2444598170
1329503386
289381530
1422498970
291085722
2524290458
505257626
1787046858
2514564810
596903370
3116107210
1204028874
501993316
1375588196
976343396
1162924388
282251620
1872889546
1005061834
1287456714
2633955017
86103908
1453709156
1746327652
624285796
939579748
810343012
1130158948
971628388
1340268644
2388189540
1181409636
912122724
1197466724
1643701604
1226565220
389080676
632022628
583455076
1912000868
907203684
862901348
1559942500
731567716
2570442596
77322340
88136036
1791875428
1587403364
1137236580
1780931428
1162402916
979885412
2080365924
815849060
2812337764
1815154122
1035275722
3085688420
2958679908
3924836
1048241508
903932004
1052436836
2453531236
1436478052
1955851364
1830088292
996470628
185200740
1208536932
1293930340
1443680356
974508388
1612173668
614846820
728815460
1106368356
1255529316
53402724
2639388004
821747300
1428545636
137486692
1906435428
1300883044
1679747684
2665934436
1107032265
3191798473
1318061669
1731135589
1205602405
1241450597
1286343269
2109934437
1143082085
490212965
468111460
1729810788
1025364324
913166692
1770574180
2092815204
815649892
516543588
1305990244
4248932
2292045156
76994404
2258820452
1481629540
1063968612
714530660
2409554020
871031396
2750341988
779871332
1318774116
1024583268
1210050148
2239030884
953607780
912304794
827763610
646818714
780184730
547925146
1102818458
920431770
2925047450
784707738
964139418
1114217114
1017354906
1042652058
939629722
923049114
312056986
2622594458
1308663450
943759002
717332122
466920090
840999834
1162519450
1247454106
1184474010
1522312090
297968538
477668506
2690426266
1315218842
79404954
822059162
1795400090
1074241946
1026204058
540647834
1482924442
614506906
895787674
393650842
645047194
545366938
854172570
419603610
52667546
476947610
851551386
1240769946
2423822746
306420634
389848730
1350540954
1027317658
792764314
1053663130
719626138
1183359130
525902490
847225498
1144890266
1303749530
1227269530
915449498
286042010
2837424026
2822481818
1369089946
1531422874
1019259034
752068762
211066778
1051631770
2398528154
1143973274
1614980506
1002284442
360162970
784180890
281716634
2629150874
786155705
1577765561
2226900153
787270841
1258933689
1753403065
860147897
573493689
1065669049
1712772537
648402361
387897273
2446907321
840358841
64150713
1024712121
1715200185
1959584441
3134513849
1711858617
1104144057
3186084793
460705721
84136121
1742393529
1365103033
2834551481
1433195705
1348523449
1953617337
546559417
775358922
731372217
1071832249
363126713
819847609
1399841465
617669305
408937657
1036641465
916448697
958588857
1243670713
1154214073
1290332345
834660793
729344697
2428168889
467585209
1154337465
2473446329
971688889
956943545
1216728249
497667513
549375417
2951531961
624086713
2534985657
1075433401
1095159737
506588501
719252821
710930517
2583359573
1299117141
2542531669
794687317
570292053
1175648597
2236873557
245103445
2679700565
983039573
1850933077
190119765
1732445270
916980822
1456200789
1068621141
630906453
1084679765
610658133
844752981
969861717
1003023189
1143074901
501739605
448066901
364967509
599848533
731838805
2767125077
251525717
1027210069
81591125
1049492821
763231829
1834352726
375325014
545325654
1071244373
601547861
1085007701
852093525
1059842901
1918561621
1379855957
314764885
1483730773
535818069
825815893
1520431957
807269461
1135932757
1368062037
634976341
1326381397
2061891925
546437717
1391917653
980941909
1959590997
582614357
810548821
599719509
552197205
603249749
490790229
1101651285
1210900053
1336991317
786095701
748085077
1134813013
1679417429
1758191701
1009377621
1967841621
1172300117
770957653
397010005
450487381
1730340181
2494031189
737404501
1293870933
648670037
734522197
2281958485
928771157
1281748053
2530995285
907472213
1600778069
865378202
1448714394
1366532250
1039966362
645833114
1418437018
535536026
254123674
1597611674
1806999450
2593561754
1343790490
707894682
272014746
1160486554
976923034
360425882
3065616794
958307482
2636488346
1398122906
2209852314
985312154
1046064282
5942682
772841370
1025286042
402366362
2293801626
1492165274
792306586
691119258
1013687450
1352574106
490382746
1057334938
1940367002
245475482
1847241114
759015834
1392417434
2690751642
488807834
836363961
1194510777
3169569209
2223820729
916508601
296406969
2763575225
1037881273
884265145
1970852281
1041683129
996790969
1035064249
869320889
823773625
459393465
1205062073
2450180793
286509753
1021954745
463785657
2667237049
1049022393
1724370873
382521273
2964574649
438227641
576901817
1099682489
2749682361
2298008249
644076473
964940729
1904530361
875416249
2449591225
289524665
820759481
1417661625
295029945
937085625
978504633
473943225
2226703545
476171961
275763385
972870329
1728566201
1300550585
1252905913
1273549753
916903609
750835385
1659492025
1271125945
1171642297
1558031770
1062121114
1356175770
1315281562
1106025114
1154850202
928112725
1224663381
982704725
1902109781
1370154069
9364821
302973782
184409173
1065738325
1620697941
2584142933
1344535381
2287854165
1753604693
1679549525
846131285
1107620181
3128226389
444920661
1300553045
3186023765
2963725909
835838037
597942869
398713941
1341252693
505603925
76146773
1395779925
893446485
2732321621
1102514634
2732395210
941689802
1269748409
1557058233
2950353593
737530553
1213780921
1569443257
958653625
1194714297
1691870393
270198201
2821318329
1125043385
1614662841
1729484217
995022521
748869305
635426745
1837846928
1743278992
1905415824
727210384
375020176
444029584
553409168
1245469840
1792302224
1020354192
870932112
543711376
245784720
482566288
980116112
627991184
1092314000
835282832
772500112
211184528
1059354000
1738569104
2993387152
2596632464
920614800
2289192848
415060112
804278416
525750928
1005408912
184570768
1181045904
1932547472
330455184
872569744
2594331536
2782157712
1362845328
470376336
916938896
843473296
397370000
1641046672
1062429584
1792500624
921068432
594961552
1005938064
310994576
704932496
770599568
1005742736
2276617616
770862480
1053689796
836503748
2766211268
2583169476
1916930756
971573956
1214122948
86248644
2844724932
1577521092
1751846852
2456162756
769660100
506926532
243144132
917378500
1442780868
401610948
956438980
1120344772
492051396
811080644
946019268
936784324
972895172
542717380
624703940
513490116
458506436
835470020
2920956868
2413186244
2994752964
1052882759
1827846471
826456647
13613639
404273991
971425351
852936519
825084231
3080898887
38586951
644074055
1822149191
1186714439
719181127
852219463
2372785991
847173703
1095031623
2110184263
435477575
1529077319
494788167
942848839
1851046727
2868559175
380157767
81510215
731038023
793297991
2604909895
1052755527
442353991
756140615
690343495
609407303
2522468679
981652295
10670919
1085068103
852612423
571463495
5756743
1853875015
870835527
136504903
1015539271
976022087
609937991
1422322247
3033066055
1343679303
852683591
980152647
834860359
1006236999
1493628487
1341914183
897498633
814923273
1273806345
1017954057
870956809
2300887049
1718599945
2026488073
1766966281
871351305
1462748681
1368049673
501925897
1004194057
1141557769
1062914569
1958529545
1176357641
2729822985
1156041481
1558040329
923193353
690470921
584500233
1226818825
3098133769
2639906313
511952393
454084361
1279379209
260753161
342280201
1605289993
1462880521
2049755657
1032178441
865454857
49662985
784518665
773902345
2991834377
1580713481
1005373193
1185662985
1445644553
1678101001
2038877193
1403440137
1448529161
1021497353
316395785
1457377545
853004809
772723465
573952777
793957129
897307401
1367069449
1489354505
724287497
823902729
894550537
1182384649
3047211529
715506441
921092873
519291657
634307593
421905673
1770636553
1256703241
1173669385
3155019529
1799014153
1846069769
1327680009
970770953
2499201545
1274661385
377277193
3174288905
941866761
844611337
694599433
1443151881
2444607497
1371389961
1658109961
1140375561
1409728777
328188169
1373618441
956294898
984016882
649979890
838264818
764274930
784263410
1427499506
2622614002
1245178610
1263790834
1736567538
1271196402
1127541746
2924730755
672848771
657775491
1026022787
1085070723
896458371
2366955907
714271730
2198531314
2460019954
2411916530
935783666
523759090
776596978
1282731506
920186354
853667314
1240526322
185462770
1633939442
984608754
974448259
1144907651
2490034051
572975747
747760259
2994269315
136049539
897053827
2097542531
370865795
1489885571
374201219
2648365955
297852547
530440579
296673667
528278147
1259860466
525791730
964358642
49869298
931394546
664990706
514978802
1285023474
1123673842
394652402
879750130
1138289650
547417330
976285170
1922035186
1016327922
2014310386
578416626
1813573874
502264306
739635954
695726834
1035858674
987296498
2086466546
1099232242
7009522
1450112242
2727474418
1534256003
2323440515
1355736451
1324803715
1534912899
229828995
807725699
814410883
3165974403
498659459
2962026883
228193667
1403123075
1023145859
714998404
291899012
779356292
951323268
313854596
1085869188
1047928708
1213735044
1824073348
1322462596
583282564
451817604
521286020
1809003396
573256836
380426371
921163907
2272320131
510647171
3074808963
1348590723
2290010889
1621084937
1041288201
1204472841
2580990985
1149291785
642040329
634700297
85246729
486523657
1872217097
952419337
2310587657
2931803401
994035209
2608252425
1804912137
731760137
1069270537
1207618313
623038473
328650761
443928841
916771081
1285935369
1685635081
591577353
943112713
714654217
1137754633
1218757641
1783481609
2956509193
510640137
1967898889
1449771273
1034404105
907638677
1850832789
2985195669
1369602709
1142586261
1635155349
513637781
549813653
646545045
1048018837
416972693
1207992725
386826901
623805333
453543061
1193642645
506563221
718703253
1728150165
774733717
1840747413
2680067221
702061461
1059626389
380805781
1062315157
780772501
1119464085
461221013
1105505429
2434118293
1733866133
1961277077
757840277
814529173
2766191509
2777136533
39043221
348635797
865716373
878933653
382826645
1431075477
1393458069
993164181
1065319317
846298261
787643797
284786069
1696104085
978682005
2930737301
976322965
337871509
1211663765
1312523669
910198165
1062110869
395019925
2453178261
963611541
1137281941
1442810773
421563541
1993903253
1006538133
2990837397
1149138069
852915349
877426837
894138773
731281813
413628821
864517013
534608789
1609530773
2500427413
708935317
1315995285
394362517
911836565
1454212757
1141803157
1976600981
1020365205
836799637
1027247509
2223148437
632328085
2751362197
490567061
597325461
641563029
1726052757
936476053
1406045589
418025109
1309773717
1161728661
2776013717
940746133
1852352149
1098417557
1371178645
2095613845
654477717
2330364309
1074629269
304840597
3172565909
1598522517
879920533
765495189
415926933
1127344330
1137240522
1759308234
1243867850
744745674
503376842
1125772490
364309706
491318730
531754442
760017098
770109642
1340534986
1310519754
1078194634
1074131658
80081610
269546442
2740188106
383513546
1013118922
907344074
824703434
1697249738
364706250
1278147530
1051130826
951122890
2360802250
546301642
2815878858
740092146
495905266
731179506
464185842
1359014642
437054450
942009330
540339186
879684594
2398086858
1140844234
2891966410
136571082
690481354
2472667338
2228938954
1683679690
1552476618
546105802
714926538
280488394
870443466
1006693066
1244850890
2642602954
445443018
94235594
1512107210
3076058314
1362554354
1446506226
405598706
2756964850
862974450
751301106
1506997234
378205426
1163720178
2593584626
541062898
173602546
945354482
1779431410
843249650
1149495538
1135208946
1823730162
623045362
496954354
2363289074
2571824882
2564354034
1123282930
7336434
767685106
2435839218
531625202
1052833010
1205728498
1529083890
826865650
1013970930
1578301682
2421291250
3053713906
824504266
1565192138
1278144970
2548363978
940701130
1002042826
1581774538
1528756170
459602122
461961418
2386557386
412809930
505871306
3086482634
1940913610
1825829618
1458369266
1510863858
384889842
764671218
1253114315
510329547
425067723
1577780939
1270810315
1457456843
515827658
996600010
374663626
3123507146
94040266
1536617458
2814700530
857141962
1607529162
583466954
1055260875
49218763
645205195
1171329483
2692420555
2271417547
1205543115
2765365963
2212307915
447556555
1009397195
1206463947
1376792779
1471164619
1204499147
1183332811
786315979
570441163
809844427
1206840306
420539634
1819143410
1341779186
936133579
3117697739
598364363
1179055602
2876565234
1140778738
2416765170
1095493874
1073211634
840297458
422898674
461236938
730131146
631302858
1073015498
939715530
1259858890
1064758258
729279474
383577074
870116338
1543171058
154004978
1820388850
1642262002
290844402
1433005810
1173024498
1578037234
1453255882
1403317450
1756163274
532344010
605482442
321056202
465233866
583133386
386394826
1213590474
1522265034
3130191306
1291841522
782627058
807662066
237957618
1172304370
861926130
1091501770
1226506186
1515061194
631832779
528089547
1020983026
765261042
272692722
1601500658
657323210
599258314
1094710730
373749194
979170762
1152579274
740814322
939247113
2421155826
2908874738
547416050
692971762
852027634
704826377
767806985
120049417
754286741
2103478165
1658096533
1779535509
1257279125
1844955797
571962517
1028229269
714768021
2441052053
352226197
1334414741
1378587029
853177493
1751479701
1758038165
787909269
498040981
3049291925
1580899733
2825756053
1520279189
925540245
1752539797
545956757
3133383829
995000469
945745354
911535818
996273866
2826954442
2329994954
864374136
373247608
894258808
460213880
1318145912
1067667576
641225592
1255953784
2890684280
973887608
626153592
1344756344
594500216
969431672
16866424
3191562360
1023435128
1402823032
2210881912
2730189432
271607416
214132344
943810424
365586296
56191096
458123640
490630008
1471703928
583224440
1506364536
1171016824
1635864184
798248824
1653952376
79974520
970085496
2213959032
2519816568
1951816312
514808952
1006068856
1272473464
913992056
910191224
673541240
1943433592
2448323448
1592423544
595612024
244797816
1396986488
2710131320
1055347576
1306481784
1214600568
1120821880
964125816
1793812088
1846307704
239364984
531192696
490626168
1051286648
1105681784
2243190392
584015736
172515448
504128120
981426808
1960272504
2784192120
522676344
1429432696
1067346552
1942645624
867658872
1124429432
354184824
815689848
846557560
1033391992
3026669688
1040273784
2068664696
981356920
1270632824
1019105912
1272009336
1391612536
1041060728
1051415416
2545111928
1979370579
1091358547
945410131
2441662803
2419315283
1352979283
1013175379
1143199315
1151981395
1042340691
474012755
29220179
874504275
1012654163
895410771
937419347
923198291
76473171
2289100627
402385747
1639183955
522582355
378784851
319868243
446680403
82234707
1060949587
1247399507
1002950227
512083
2927218771
645910611
449040467
1105449043
793170259
961139027
769970515
1772474963
2580795987
2466960211
318821715
463066451
582866259
1161025107
463590995
2864174675
2865550931
651089491
2958216531
2712194387
851168595
569429331
271961683
394055251
1417858643
1928842835
623497043
505139283
784519507
1105908819
946722387
235919187
644274003
931256147
1451743059
2929186643
382523219
249616211
1044699219
625727571
847042643
641784147
1687214419
849008979
413981011
783079763
1120262483
1131141715
838126675
793038163
1183502931
1455411795
1019466835
1632425299
1640813907
306108243
913758035
914872147
1435031379
2274941011
714660179
1546574419
386063187
2350570323
752213075
1154342483
2540232531
1450565459
651354195
2229198931
706926675
437246291
345626963
137943635
229169747
1807866451
905894739
2603736147
1743445075
1245240915
465424467
609276243
964088147
2755711571
826659667
411816787
779736147
752145747
2975857235
975830355
2219181396
1611531860
1152321108
498730580
243533652
935528276
952764756
2796620628
294390868
1435569236
183897428
1534857044
2280853332
1600262740
1726026324
331486036
921048660
756488020
258414420
1059199316
1301617748
1040701523
843110483
1013635155
349821011
434559059
1291376723
419420243
2540427603
1355405907
1594022739
2501434195
1084742483
952032083
1044700243
549313619
2297879635
947051859
935910739
743169619
760012627
504946771
2805522515
38789459
420274771
531421779
957864787
237099859
970120019
2674777171
1017896019
1103617107
489348435
1432673619
644144723
863953235
1724375379
2550850131
291299923
564257363
2654463059
1029366867
970253395
752411731
2451826003
1151395155
718923091
1004398163
1229121363
309454675
1595203923
1620435283
1621418323
2228085075
1365894227
2786583891
1204217171
709027411
2992957011
2541872723
739713248
825369312
3050710496
573384928
2290952416
2739679200
2306093792
3191748064
1107900896
1989230560
2403553123
1136021347
3166392931
976311139
463819619
485578595
1124161635
1031297379
847731555
1324243811
719676771
1824876387
2814143843
754150755
2351067235
1194815843
643987555
531463011
1123778147
431784291
1227506912
569787616
1377519328
154552544
1442334944
2216577504
1326271712
1203064544
472207584
1229673184
1456767587
1915650915
1092978787
1360366179
1182503011
993431907
2746652259
835557219
923310435
1713019235
511023971
321474147
1010782051
978276195
1096437603
1071474656
1968204000
2224187872
353332192
925723616
963978464
1060579040
2424645344
2416716000
779299040
885271008
877406944
501951200
1754803168
1242967264
2872061152
1028730080
785600355
784289891
1607225443
1360679267
2478461283
804999523
875647587
1184060003
330192483
885741155
2317899619
478566499
1462393187
804608355
373578339
1448958563
1842830179
768499043
1154506083
1070685539
252993123
2325175907
771829216
1377971680
1546202592
942288352
1768173024
296037856
2397445856
1406542048
2776834528
297542112
3045729760
2695768032
2314282976
2715363808
2416913632
761474272
1596022627
552099683
1445486691
758014051
2624802659
237130083
1781944675
305877603
1106530915
1315066723
1821333091
764827235
793730147
1057906531
1044143971
1027891299
670457955
100294755
1279943011
1045062243
1322934883
2253415523
2629723235
905667939
1916495459
787244643
1903454819
848456547
429740387
1572360547
845556960
1456418272
1534602976
1546924256
1405956320
1040593632
1808544480
1962357728
2304128224
1003042272
2873505504
1214854880
1906915296
253376992
2640664675
1307859299
2250595427
1551326307
1450073955
1415536739
2523162723
871197027
1009412707
766405475
1833202531
1364882787
1129413475
709590627
2432401251
1009090659
644252003
1315015267
614108259
1223461987
747196259
2804961635
172511843
605377891
121984355
136664931
649156707
1697143139
499538275
947214947
872373347
347430243
1506303843
3103744099
1074487907
525951587
810444131
386820451
1840212835
"distance":0
351366243
946302563
1535744867
1992335459
274768739
1492952163
2747251043
765967459
2762653027
1065467491
823770979
599310435
913883747
2823144547
896124003
773703011
1513014883
380029027
975882595
1097255267
839567971
454086243
2667434083
1843384931
2303055203
630512227
156197987
962356579
1123116387
1551984227
244475491
1789027939
1171023715
842164323
812410979
1871865955
460024163
130115939
1060321760
779762400
1332748000
1584865248
2867011552
1805001184
987702496
1529882080
2568434912
1132344800
1345796064
1032927712
741620704
1575239136
1642413792
1473528032
736903648
750732256
1146570720
945375968
845040608
717901024
1373202787
714173027
664759395
1303473251
948399459
375222115
3046265056
393041120
847060704
2377326560
1038884832
1847730400
245440992
2942378720
411378400
1224877280
1360930528
1054353120
1024534496
449325024
546777312
974990048
571091936
16986080
1929785312
1519726560
1309832803
1535080291
840134243
1299213923
654929763
1969319779
615346019
2664394595
1378251107
408842595
243954019
2926080611
1304245728
1712273120
1030895584
763116000
2468965856
917073376
751726048
528838368
646017635
1973384035
10384483
2232776035
981235299
2727442531
1142782563
965507939
1975942243
164723811
2631236963
1029668451
358317923
1072201571
504266851
1837400163
514687587
996115299
2270987875
1051101283
814709472
876969184
279609824
30770912
272992992
2741670880
870421984
2632816608
946969056
841063136
1043176416
1919459040
191079392
379757536
1944234720
172010976
2627842528
781235168
739882208
645379296
1262260323
1059689571
1032426595
1771738211
1185715299
1053529187
1394185827
997234531
396204643
2900531811
1176738915
674929763
202284387
508206691
995698400
1206266592
562638048
1589915872
296956384
448496589
736265165
1053787341
806127309
835749837
807504077
2437319117
719489741
441420749
469053664
1003893984
2700293344
1063097037
979538893
1243322061
1517655757
2909903053
1329764813
737123789
1902157517
583750880
914642912
532568800
1501783520
1593273312
1104748256
987963104
723853280
1596858336
2498371552
530719456
514335456
2234590432
1250338253
522758093
447644109
1361281741
929596877
1350469069
2861270477
302811341
314739149
1439206349
924749005
8621517
1348046541
2223017677
1162645709
850302413
499357133
1123325901
1748408525
1093639117
792167117
946504397
645104333
1368163021
1605600205
1273594829
1979548621
872842445
845055181
358581453
2021295309
1147241933
751994317
82085325
244854496
782053600
971845856
746074592
745152224
610895565
1975682765
1126926285
766937037
1224116173
1261406413
1632078029
549619917
1161791949
644582093
2105576141
1422887629
2548009677
940608461
1060408269
563710925
525044941
1564180941
2530574797
2835841741
790725325
623739597
1194623693
2937553869
986612685
724993229
914851021
1470334157
648316109
1754629581
1375897293
2642904781
893159373
345475021
953124813
309299405
1215924429
1451722957
849709261
2447870157
2638055885
310938061
921536973
1127451341
1248234189
1160678349
1132888781
986285005
1411024077
1778287821
491947469
961840589
1011451597
2903541709
1209894861
1468237773
380733389
1181583565
577800653
853707725
2654178509
1622052813
172527821
1214681549
603165133
1809879501
420189133
569873613
624334285
1402443213
1911204557
1654959309
2290003661
1005498061
1954131917
1472835789
1661907661
976466637
331723725
2350036685
406508371
2825245523
965465171
941413715
604755539
86627923
1162334035
571265363
1443615315
1153617235
985255507
770231891
578735955
316526419
1021169491
362467411
1962724947
602010451
2454670532
243158212
1622035652
1577668292
710430404
1113411268
515854020
550981572
3041284292
1129205956
78205124
993546692
646533572
825512900
826561476
2227917764
1812485316
952128708
1157912004
1332434372
448485572
1741248708
1037392324
421288644
965040836
1528585156
582114244
546921668
429546692
1252220100
1935630276
1814121668
742083780
1406749892
932531652
422268612
2119192516
1322536900
891965636
1367101636
2073252036
337072580
405558212
642339780
401363908
541938884
459756740
842749380
675698116
1006196420
1339775940
1059740868
1148345796
1462591172
137715396
164323012
957767620
2386059716
1752326596
1398236356
867656900
1595565508
743787716
192105668
1679249092
563695300
841764804
285495492
957305028
929255620
826037444
1291539908
978147012
1611225028
1011374020
2325632964
1095260868
710367940
1970953156
747461572
1415863492
376724676
1559452868
439639492
229727684
1179934404
475619012
376528836
648044484
799301572
1441619908
2241749188
1071931588
365126084
865946820
532171972
1447054788
1600933316
2795589060
1521634756
332550084
1048727748
1334464708
825053636
893604292
965103556
395661252
1204903876
1779851460
1101553860
1076912580
2218222020
1441358276
122774212
2070373060
2543280836
1052336836
1239179972
872178372
2318623684
1499554756
1450730436
1357603780
2418894020
1689609412
719284420
2046585028
1955162564
491285188
1148414660
1622502084
691628996
1401318340
734817220
1979804868
1418227140
502033860
941912004
330526660
1328443588
2521592004
1012691140
1101424068
1156540100
1192912836
347433668
2401659844
2495179716
2959305924
1439263940
514944708
1766748100
495153092
834891972
1677619396
952857028
964260548
2410968772
1912699076
473200836
1417181636
173963972
905738948
807173060
1289125060
410877380
947813828
670858692
373325508
3080027844
962756548
1311212484
526549956
382296516
1256350148
2293916356
2669307076
1171992032
1927163360
201600736
511859140
414276036
397564612
484268740
1446992836
29839812
664097476
415649220
467094980
461786820
2895662788
1771785924
564022980
1021791940
837832388
1427460036
592531396
292507588
1649037764
394678724
2914800068
2093961668
970346948
1261327044
1904496580
1193957060
2424329924
1226266564
575821764
1014847684
3169344708
635395524
437935812
1420648132
974020548
272520132
907760836
1014130040
59729272
517432696
1812422520
821781112
2280546168
2243453560
1456953208
731535736
1404721784
1025461880
751521400
371937144
397824888
2495959928
1137136504
2501203064
1179407480
1442342008
838884216
1624595320
2624609400
1176592248
914904440
1226724984
1063147128
747329144
2606061688
1035430776
977816696
1941394552
1187861624
398808440
2213137747
1053281875
2860838227
924249939
1479077971
2761749331
1243534163
245127288
943878008
23818360
1433367416
2426893176
894979448
1739018104
6705272
644828280
1397837176
1530156664
958945144
