11761
11769
11744
11774
11795
11763
11784
11760
11800
11753
11779
11743
11810
11807
11812
11722
11731
11740
11732
11727
11738
11725
11730
11741
12132
12086
12103
12123
12112
12096
12107
11264
11298
11270
11304
11228
11676
11671
11660
11665
11650
11658
12463
12465
12464
12461
12459
12474
11104
11090
11089
11098
11146
11103
11360
11391
11347
11380
11355
11345
11388
10014
10002
10027
10008
10003
10044
10950
10911
10894
10946
10901
10940
10945
10949
10987
10948
10628
10616
10638
10722
10705
10614
10625
10684
10611
68828
10634
10293
10286
10311
10298
10282
12260
12283
12264
12278
12294
12269
10526
10544
10566
10583
10529
10557
11070
11016
11011
11013
11009
11015
10123
10133
10089
10131
10187
10158
10865
10794
10827
10879
10823
10878
10409
10391
10385
10395
10418
10392
10388
11992
12036
11947
11972
11982
11963
11461
11458
11477
11446
11483
11512
11538
11456
11546
12640
12633
12637
12646
12649
12659
10371
10367
10369
10380
10373
10378
12884
12873
12871
12877
12893
12907
12168
12222
12162
12210
12233
12174
12229
12553
12561
12564
12555
12563
12565
12442
12427
12407
12417
12410
12453
12947
12949
12951
12948
12732
12735
12729
12727
12766
12750
76917
12734
12580
12594
12605
12577
12604
12599
12954
12955
12957
12698
12702
12695
12696
12519
12522
12517
12530
12518
12934
12941
12930
12929
12937
12939
12963
12969
12961
12962
12970
12966
12943
12944
12945
12946